0.0
0.5
1.0
1.5
2.0
2.5
3.0
3.5
4.0
4.5
5.0
5.5
6.0
6.5
7.0
7.5
8.0
8.5
9.0
9.5
10.0
10.5
11.0
11.5
12.0
12.5
13.0
13.5
14.0
14.5
15.0
15.5
16.0
16.5
17.0
17.5
18.0
18.5
19.0
19.5
20.0
20.5
21.0
21.5
22.0
22.5
23.0
23.5
24.0
24.5
25.0
25.5
26.0
26.5
27.0
27.5
28.0
28.5
29.0
29.5
30.0
30.5
31.0
31.5
32.0
32.5
33.0
33.5
34.0
34.5
35.0
35.5
36.0
36.5
37.0
37.5
38.0
38.5
39.0
39.5
40.0
40.5
41.0
41.5
42.0
42.5
43.0
43.5
44.0
44.5
45.0
45.5
46.0
46.5
47.0
47.5
48.0
48.5
49.0
49.5
50.0
50.5
51.0
51.5
52.0
52.5
53.0
53.5
54.0
54.5
55.0
55.5
56.0
56.5
57.0
57.5
58.0
58.5
59.0
59.5
60.0
60.5
61.0
61.5
62.0
62.5
63.0
63.5
64.0
64.5
65.0
65.5
66.0
66.5
67.0
67.5
68.0
68.5
69.0
69.5
70.0
70.5
71.0
71.5
72.0
72.5
70.4
72.2
71.5
71.6
68.0
71.9
71.7
67.5
72.0
70.9
68.5
69.2
69.4
72.0
67.7
72.4
69.8
69.5
70.9
70.0
68.8
70.1
67.6
69.3
70.0
69.9
67.8
68.4
70.2
71.4
70.4
69.3
68.9
72.4
70.1
72.1
69.6
72.2
71.8
72.3
69.9
70.4
70.7
69.0
70.9
68.9
68.9
70.0
71.2
68.4
67.8
69.9
72.4
68.0
67.8
68.4
71.8
72.4
69.1
67.6
70.9
67.9
71.1
69.5
72.1
71.8
71.1
69.0
68.0
72.2
72.1
71.8
70.9
68.5
70.4
69.6
72.5
69.8
68.3
69.0
70.8
68.6
71.4
70.5
68.3
70.8
70.8
70.0
70.2
72.3
72.3
68.1
69.0
70.0
68.7
70.5
70.8
68.7
72.3
68.7
71.1
72.4
68.6
69.6
70.5
67.9
72.2
67.9
69.2
69.7
72.3
72.3
71.0
69.1
68.4
71.1
69.2
67.6
67.5
72.4
71.6
69.1
68.0
69.8
68.1
71.9
70.3
70.0
71.1
69.2
69.1
71.1
71.8
68.0
70.7
71.8
68.1
68.0
69.0
67.9
68.8
69.9
69.1
70.7
